num_nodes: 20
num_arcs: 52
density: 0.0
num_commodities: 5
SOURCES_SECTION
1 1 -24.0
2 12 -12.0
3 19 -57.0
4 20 -36.0
5 4 -25.0
5 5 -17.0
5 15 -18.0
SINKS_SECTION
1 4 7.0
1 7 9.0
1 9 8.0
2 3 7.0
2 7 3.0
2 9 2.0
3 2 23.0
3 11 16.0
3 17 18.0
4 1 9.0
4 2 16.0
4 5 11.0
5 2 60.0
COSTS_SECTION
1 1 2 17.0
1 1 3 29.0
1 2 1 13.0
1 2 3 16.0
1 2 5 17.0
1 2 6 15.0
1 3 1 19.0
1 3 2 13.0
1 3 4 15.0
1 3 6 11.0
1 4 3 17.0
1 4 6 25.0
1 5 2 26.0
1 5 10 30.0
1 6 3 13.0
1 6 4 19.0
1 7 8 20.0
1 7 9 19.0
1 8 7 12.0
1 8 10 25.0
1 9 7 13.0
1 9 8 15.0
1 9 13 14.0
1 10 5 30.0
1 10 11 10.0
1 10 15 19.0
1 11 10 14.0
1 11 15 29.0
1 11 16 18.0
1 12 20 22.0
1 13 9 10.0
1 13 14 10.0
1 13 17 10.0
1 14 10 23.0
1 14 13 11.0
1 14 15 17.0
1 15 10 20.0
1 15 14 15.0
1 15 16 13.0
1 15 18 11.0
1 16 11 18.0
1 16 15 13.0
1 16 19 23.0
1 17 13 11.0
1 17 18 26.0
1 18 15 20.0
1 18 17 30.0
1 18 19 26.0
1 19 18 38.0
1 19 20 36.0
1 20 12 24.0
1 20 19 20.0
2 1 2 14.0
2 1 3 22.0
2 2 1 12.0
2 2 3 12.0
2 2 5 29.0
2 2 6 26.0
2 3 1 27.0
2 3 2 18.0
2 3 4 20.0
2 3 6 16.0
2 4 3 12.0
2 4 6 20.0
2 5 2 25.0
2 5 10 30.0
2 6 3 14.0
2 6 4 20.0
2 7 8 16.0
2 7 9 11.0
2 8 7 20.0
2 8 10 17.0
2 9 7 16.0
2 9 8 20.0
2 9 13 15.0
2 10 5 38.0
2 10 11 13.0
2 10 15 15.0
2 11 10 15.0
2 11 15 16.0
2 11 16 12.0
2 12 20 22.0
2 13 9 18.0
2 13 14 17.0
2 13 17 12.0
2 14 10 17.0
2 14 13 10.0
2 14 15 19.0
2 15 10 11.0
2 15 14 12.0
2 15 16 18.0
2 15 18 20.0
2 16 11 12.0
2 16 15 13.0
2 16 19 20.0
2 17 13 16.0
2 17 18 24.0
2 18 15 19.0
2 18 17 36.0
2 18 19 36.0
2 19 18 34.0
2 19 20 26.0
2 20 12 30.0
2 20 19 28.0
3 1 2 12.0
3 1 3 26.0
3 2 1 12.0
3 2 3 12.0
3 2 5 16.0
3 2 6 29.0
3 3 1 20.0
3 3 2 12.0
3 3 4 18.0
3 3 6 10.0
3 4 3 17.0
3 4 6 17.0
3 5 2 15.0
3 5 10 28.0
3 6 3 18.0
3 6 4 23.0
3 7 8 19.0
3 7 9 10.0
3 8 7 16.0
3 8 10 25.0
3 9 7 19.0
3 9 8 23.0
3 9 13 10.0
3 10 5 38.0
3 10 11 12.0
3 10 15 18.0
3 11 10 14.0
3 11 15 20.0
3 11 16 18.0
3 12 20 36.0
3 13 9 16.0
3 13 14 14.0
3 13 17 13.0
3 14 10 17.0
3 14 13 16.0
3 14 15 18.0
3 15 10 15.0
3 15 14 11.0
3 15 16 14.0
3 15 18 19.0
3 16 11 15.0
3 16 15 14.0
3 16 19 23.0
3 17 13 14.0
3 17 18 34.0
3 18 15 10.0
3 18 17 32.0
3 18 19 36.0
3 19 18 30.0
3 19 20 28.0
3 20 12 32.0
3 20 19 30.0
4 1 2 16.0
4 1 3 27.0
4 2 1 14.0
4 2 3 14.0
4 2 5 15.0
4 2 6 20.0
4 3 1 23.0
4 3 2 13.0
4 3 4 10.0
4 3 6 20.0
4 4 3 13.0
4 4 6 27.0
4 5 2 26.0
4 5 10 20.0
4 6 3 15.0
4 6 4 23.0
4 7 8 18.0
4 7 9 13.0
4 8 7 12.0
4 8 10 26.0
4 9 7 15.0
4 9 8 22.0
4 9 13 15.0
4 10 5 36.0
4 10 11 16.0
4 10 15 11.0
4 11 10 11.0
4 11 15 25.0
4 11 16 17.0
4 12 20 38.0
4 13 9 18.0
4 13 14 10.0
4 13 17 12.0
4 14 10 27.0
4 14 13 10.0
4 14 15 18.0
4 15 10 16.0
4 15 14 20.0
4 15 16 19.0
4 15 18 15.0
4 16 11 17.0
4 16 15 20.0
4 16 19 17.0
4 17 13 18.0
4 17 18 36.0
4 18 15 18.0
4 18 17 24.0
4 18 19 34.0
4 19 18 34.0
4 19 20 30.0
4 20 12 38.0
4 20 19 32.0
5 1 2 20.0
5 1 3 23.0
5 2 1 16.0
5 2 3 16.0
5 2 5 25.0
5 2 6 22.0
5 3 1 22.0
5 3 2 18.0
5 3 4 11.0
5 3 6 14.0
5 4 3 17.0
5 4 6 25.0
5 5 2 25.0
5 5 10 32.0
5 6 3 11.0
5 6 4 22.0
5 7 8 12.0
5 7 9 14.0
5 8 7 17.0
5 8 10 22.0
5 9 7 15.0
5 9 8 25.0
5 9 13 11.0
5 10 5 20.0
5 10 11 12.0
5 10 15 10.0
5 11 10 10.0
5 11 15 25.0
5 11 16 17.0
5 12 20 24.0
5 13 9 11.0
5 13 14 13.0
5 13 17 10.0
5 14 10 22.0
5 14 13 14.0
5 14 15 10.0
5 15 10 20.0
5 15 14 10.0
5 15 16 11.0
5 15 18 17.0
5 16 11 20.0
5 16 15 20.0
5 16 19 20.0
5 17 13 18.0
5 17 18 36.0
5 18 15 14.0
5 18 17 36.0
5 18 19 30.0
5 19 18 34.0
5 19 20 20.0
5 20 12 34.0
5 20 19 26.0
CAPACITY_SECTION
1 2 65.0
1 3 32.0
2 1 7.0
2 3 6.0
2 5 37.0
2 6 21.0
3 1 26.0
3 2 51.0
3 4 5.0
3 6 2.0
4 3 14.0
4 6 32.0
5 2 125.0
5 10 27.0
6 3 23.0
6 4 22.0
7 8 19.0
7 9 25.0
8 7 25.0
8 10 21.0
9 7 25.0
9 8 18.0
9 13 18.0
10 5 102.0
10 11 6.0
10 15 26.0
11 10 4.0
11 15 2.0
11 16 2.0
12 20 34.0
13 9 41.0
13 14 21.0
13 17 29.0
14 10 20.0
14 13 24.0
14 15 20.0
15 10 59.0
15 14 61.0
15 16 51.0
15 18 25.0
16 11 29.0
16 15 20.0
16 19 19.0
17 13 53.0
17 18 22.0
18 15 68.0
18 17 120.0
18 19 18.0
19 18 183.0
19 20 50.0
20 12 37.0
20 19 92.0
