num_nodes: 20
num_arcs: 50
density: 0.0
num_commodities: 5
SOURCES_SECTION
1 16 -18.0
1 17 -16.0
1 20 -17.0
2 1 -16.0
2 7 -11.0
2 17 -12.0
3 12 -3.0
4 2 -1.0
4 4 -3.0
4 8 -2.0
5 8 -57.0
SINKS_SECTION
1 8 51.0
2 4 39.0
3 2 1.0
3 3 1.0
3 19 1.0
4 15 6.0
5 6 20.0
5 10 21.0
5 14 16.0
COSTS_SECTION
1 1 2 14.0
1 1 3 10.0
1 2 1 18.0
1 2 4 15.0
1 3 1 19.0
1 3 4 17.0
1 3 6 27.0
1 4 2 19.0
1 4 3 16.0
1 4 5 32.0
1 4 10 32.0
1 5 4 30.0
1 5 7 19.0
1 6 3 15.0
1 6 9 12.0
1 7 4 29.0
1 7 11 15.0
1 8 5 23.0
1 8 12 16.0
1 9 6 20.0
1 9 10 22.0
1 9 19 48.0
1 10 4 22.0
1 10 7 29.0
1 10 9 22.0
1 10 13 19.0
1 11 8 22.0
1 11 12 10.0
1 12 8 13.0
1 12 11 10.0
1 12 15 19.0
1 13 10 14.0
1 13 14 16.0
1 13 18 11.0
1 14 13 14.0
1 14 15 20.0
1 15 11 29.0
1 15 12 14.0
1 15 14 30.0
1 15 16 19.0
1 15 20 34.0
1 16 15 17.0
1 17 13 23.0
1 17 18 15.0
1 18 13 10.0
1 18 17 14.0
1 19 9 42.0
1 19 20 70.0
1 20 15 32.0
1 20 19 100.0
2 1 2 17.0
2 1 3 17.0
2 2 1 13.0
2 2 4 11.0
2 3 1 11.0
2 3 4 16.0
2 3 6 25.0
2 4 2 11.0
2 4 3 16.0
2 4 5 22.0
2 4 10 28.0
2 5 4 32.0
2 5 7 17.0
2 6 3 23.0
2 6 9 19.0
2 7 4 19.0
2 7 11 19.0
2 8 5 25.0
2 8 12 10.0
2 9 6 20.0
2 9 10 36.0
2 9 19 42.0
2 10 4 34.0
2 10 7 29.0
2 10 9 20.0
2 10 13 18.0
2 11 8 29.0
2 11 12 11.0
2 12 8 19.0
2 12 11 19.0
2 12 15 15.0
2 13 10 13.0
2 13 14 11.0
2 13 18 17.0
2 14 13 14.0
2 14 15 40.0
2 15 11 29.0
2 15 12 14.0
2 15 14 32.0
2 15 16 17.0
2 15 20 28.0
2 16 15 19.0
2 17 13 29.0
2 17 18 17.0
2 18 13 10.0
2 18 17 20.0
2 19 9 45.0
2 19 20 85.0
2 20 15 20.0
2 20 19 70.0
3 1 2 16.0
3 1 3 16.0
3 2 1 11.0
3 2 4 12.0
3 3 1 16.0
3 3 4 19.0
3 3 6 26.0
3 4 2 18.0
3 4 3 20.0
3 4 5 22.0
3 4 10 40.0
3 5 4 38.0
3 5 7 17.0
3 6 3 25.0
3 6 9 20.0
3 7 4 22.0
3 7 11 29.0
3 8 5 26.0
3 8 12 10.0
3 9 6 11.0
3 9 10 20.0
3 9 19 57.0
3 10 4 30.0
3 10 7 22.0
3 10 9 28.0
3 10 13 10.0
3 11 8 19.0
3 11 12 13.0
3 12 8 12.0
3 12 11 16.0
3 12 15 14.0
3 13 10 10.0
3 13 14 17.0
3 13 18 18.0
3 14 13 10.0
3 14 15 32.0
3 15 11 16.0
3 15 12 15.0
3 15 14 40.0
3 15 16 15.0
3 15 20 28.0
3 16 15 17.0
3 17 13 17.0
3 17 18 16.0
3 18 13 10.0
3 18 17 11.0
3 19 9 33.0
3 19 20 65.0
3 20 15 22.0
3 20 19 75.0
4 1 2 16.0
4 1 3 15.0
4 2 1 12.0
4 2 4 11.0
4 3 1 19.0
4 3 4 13.0
4 3 6 19.0
4 4 2 14.0
4 4 3 14.0
4 4 5 24.0
4 4 10 34.0
4 5 4 24.0
4 5 7 17.0
4 6 3 26.0
4 6 9 15.0
4 7 4 23.0
4 7 11 17.0
4 8 5 25.0
4 8 12 15.0
4 9 6 16.0
4 9 10 32.0
4 9 19 39.0
4 10 4 26.0
4 10 7 16.0
4 10 9 36.0
4 10 13 17.0
4 11 8 23.0
4 11 12 17.0
4 12 8 18.0
4 12 11 19.0
4 12 15 14.0
4 13 10 20.0
4 13 14 16.0
4 13 18 17.0
4 14 13 19.0
4 14 15 36.0
4 15 11 27.0
4 15 12 15.0
4 15 14 24.0
4 15 16 17.0
4 15 20 26.0
4 16 15 12.0
4 17 13 20.0
4 17 18 16.0
4 18 13 10.0
4 18 17 12.0
4 19 9 36.0
4 19 20 85.0
4 20 15 20.0
4 20 19 75.0
5 1 2 19.0
5 1 3 16.0
5 2 1 14.0
5 2 4 17.0
5 3 1 20.0
5 3 4 18.0
5 3 6 27.0
5 4 2 14.0
5 4 3 15.0
5 4 5 40.0
5 4 10 32.0
5 5 4 34.0
5 5 7 22.0
5 6 3 19.0
5 6 9 11.0
5 7 4 19.0
5 7 11 29.0
5 8 5 26.0
5 8 12 12.0
5 9 6 14.0
5 9 10 36.0
5 9 19 54.0
5 10 4 38.0
5 10 7 25.0
5 10 9 26.0
5 10 13 13.0
5 11 8 26.0
5 11 12 13.0
5 12 8 15.0
5 12 11 18.0
5 12 15 11.0
5 13 10 12.0
5 13 14 17.0
5 13 18 13.0
5 14 13 14.0
5 14 15 26.0
5 15 11 16.0
5 15 12 17.0
5 15 14 24.0
5 15 16 15.0
5 15 20 28.0
5 16 15 17.0
5 17 13 29.0
5 17 18 19.0
5 18 13 14.0
5 18 17 14.0
5 19 9 54.0
5 19 20 95.0
5 20 15 36.0
5 20 19 85.0
CAPACITY_SECTION
1 2 9.0
1 3 19.0
2 1 14.0
2 4 19.0
3 1 11.0
3 4 20.0
3 6 22.0
4 2 13.0
4 3 11.0
4 5 10.0
4 10 18.0
5 4 53.0
5 7 3.0
6 3 2.0
6 9 2.0
7 4 28.0
7 11 18.0
8 5 39.0
8 12 40.0
9 6 19.0
9 10 17.0
9 19 12.0
10 4 17.0
10 7 23.0
10 9 10.0
10 13 12.0
11 8 36.0
11 12 2.0
12 8 16.0
12 11 10.0
12 15 35.0
13 10 10.0
13 14 19.0
13 18 14.0
14 13 12.0
14 15 30.0
15 11 37.0
15 12 29.0
15 14 17.0
15 16 11.0
15 20 10.0
16 15 29.0
17 13 25.0
17 18 25.0
18 13 10.0
18 17 10.0
19 9 12.0
19 20 11.0
20 15 52.0
20 19 22.0
