num_nodes: 20
num_arcs: 62
density: 0.0
num_commodities: 5
SOURCES_SECTION
1 1 -18.0
2 15 -15.0
2 16 -10.0
2 19 -11.0
3 4 -14.0
3 15 -13.0
3 20 -18.0
4 2 -10.0
4 7 -6.0
4 17 -5.0
5 4 -19.0
5 10 -20.0
5 12 -15.0
SINKS_SECTION
1 3 4.0
1 8 6.0
1 9 8.0
2 5 36.0
3 3 45.0
4 19 21.0
5 20 54.0
COSTS_SECTION
1 1 2 15.0
1 1 8 36.0
1 2 1 16.0
1 2 3 34.0
1 2 6 18.0
1 2 7 26.0
1 3 2 34.0
1 3 4 14.0
1 3 7 27.0
1 3 9 30.0
1 4 3 19.0
1 4 5 19.0
1 4 10 32.0
1 5 4 20.0
1 5 11 24.0
1 6 2 10.0
1 6 7 17.0
1 6 12 32.0
1 7 6 11.0
1 7 9 22.0
1 8 1 48.0
1 8 12 29.0
1 9 3 32.0
1 9 10 20.0
1 9 13 11.0
1 10 4 30.0
1 10 9 11.0
1 10 11 14.0
1 10 14 19.0
1 10 15 25.0
1 11 5 26.0
1 11 10 15.0
1 11 15 19.0
1 12 6 36.0
1 12 8 22.0
1 12 13 34.0
1 12 16 22.0
1 12 19 34.0
1 13 9 12.0
1 13 12 38.0
1 13 14 12.0
1 13 16 22.0
1 13 17 20.0
1 14 9 17.0
1 14 10 14.0
1 14 13 16.0
1 14 15 10.0
1 14 18 12.0
1 15 11 15.0
1 15 14 15.0
1 16 17 16.0
1 17 13 13.0
1 17 16 12.0
1 17 18 20.0
1 18 14 11.0
1 18 17 20.0
1 18 20 14.0
1 19 12 40.0
1 19 20 36.0
1 20 17 29.0
1 20 18 16.0
1 20 19 42.0
2 1 2 19.0
2 1 8 36.0
2 2 1 27.0
2 2 3 34.0
2 2 6 13.0
2 2 7 16.0
2 3 2 34.0
2 3 4 19.0
2 3 7 26.0
2 3 9 26.0
2 4 3 18.0
2 4 5 11.0
2 4 10 32.0
2 5 4 15.0
2 5 11 28.0
2 6 2 10.0
2 6 7 14.0
2 6 12 32.0
2 7 6 19.0
2 7 9 22.0
2 8 1 36.0
2 8 12 19.0
2 9 3 28.0
2 9 10 12.0
2 9 13 20.0
2 10 4 28.0
2 10 9 10.0
2 10 11 17.0
2 10 14 13.0
2 10 15 17.0
2 11 5 26.0
2 11 10 12.0
2 11 15 18.0
2 12 6 30.0
2 12 8 15.0
2 12 13 26.0
2 12 16 27.0
2 12 19 28.0
2 13 9 15.0
2 13 12 20.0
2 13 14 16.0
2 13 16 15.0
2 13 17 19.0
2 14 9 25.0
2 14 10 18.0
2 14 13 15.0
2 14 15 10.0
2 14 18 12.0
2 15 11 10.0
2 15 14 13.0
2 16 17 12.0
2 17 13 16.0
2 17 16 10.0
2 17 18 18.0
2 18 14 12.0
2 18 17 14.0
2 18 20 18.0
2 19 12 40.0
2 19 20 39.0
2 20 17 20.0
2 20 18 18.0
2 20 19 48.0
3 1 2 19.0
3 1 8 33.0
3 2 1 15.0
3 2 3 30.0
3 2 6 10.0
3 2 7 20.0
3 3 2 32.0
3 3 4 11.0
3 3 7 15.0
3 3 9 22.0
3 4 3 14.0
3 4 5 19.0
3 4 10 32.0
3 5 4 20.0
3 5 11 20.0
3 6 2 20.0
3 6 7 16.0
3 6 12 36.0
3 7 6 19.0
3 7 9 25.0
3 8 1 45.0
3 8 12 26.0
3 9 3 40.0
3 9 10 11.0
3 9 13 15.0
3 10 4 20.0
3 10 9 10.0
3 10 11 17.0
3 10 14 10.0
3 10 15 17.0
3 11 5 24.0
3 11 10 14.0
3 11 15 11.0
3 12 6 38.0
3 12 8 23.0
3 12 13 26.0
3 12 16 17.0
3 12 19 22.0
3 13 9 10.0
3 13 12 28.0
3 13 14 10.0
3 13 16 19.0
3 13 17 10.0
3 14 9 29.0
3 14 10 10.0
3 14 13 15.0
3 14 15 12.0
3 14 18 14.0
3 15 11 11.0
3 15 14 14.0
3 16 17 20.0
3 17 13 19.0
3 17 16 20.0
3 17 18 20.0
3 18 14 15.0
3 18 17 14.0
3 18 20 13.0
3 19 12 36.0
3 19 20 36.0
3 20 17 15.0
3 20 18 20.0
3 20 19 39.0
4 1 2 19.0
4 1 8 48.0
4 2 1 15.0
4 2 3 28.0
4 2 6 11.0
4 2 7 20.0
4 3 2 32.0
4 3 4 16.0
4 3 7 16.0
4 3 9 22.0
4 4 3 13.0
4 4 5 14.0
4 4 10 38.0
4 5 4 19.0
4 5 11 32.0
4 6 2 17.0
4 6 7 17.0
4 6 12 34.0
4 7 6 14.0
4 7 9 16.0
4 8 1 60.0
4 8 12 27.0
4 9 3 36.0
4 9 10 18.0
4 9 13 20.0
4 10 4 32.0
4 10 9 11.0
4 10 11 15.0
4 10 14 12.0
4 10 15 23.0
4 11 5 30.0
4 11 10 11.0
4 11 15 12.0
4 12 6 22.0
4 12 8 29.0
4 12 13 34.0
4 12 16 25.0
4 12 19 30.0
4 13 9 14.0
4 13 12 38.0
4 13 14 20.0
4 13 16 15.0
4 13 17 12.0
4 14 9 23.0
4 14 10 19.0
4 14 13 18.0
4 14 15 13.0
4 14 18 10.0
4 15 11 18.0
4 15 14 11.0
4 16 17 19.0
4 17 13 20.0
4 17 16 14.0
4 17 18 10.0
4 18 14 15.0
4 18 17 19.0
4 18 20 13.0
4 19 12 38.0
4 19 20 36.0
4 20 17 17.0
4 20 18 16.0
4 20 19 60.0
5 1 2 20.0
5 1 8 33.0
5 2 1 29.0
5 2 3 32.0
5 2 6 12.0
5 2 7 17.0
5 3 2 28.0
5 3 4 16.0
5 3 7 23.0
5 3 9 22.0
5 4 3 19.0
5 4 5 15.0
5 4 10 34.0
5 5 4 11.0
5 5 11 24.0
5 6 2 18.0
5 6 7 16.0
5 6 12 22.0
5 7 6 11.0
5 7 9 15.0
5 8 1 39.0
5 8 12 16.0
5 9 3 22.0
5 9 10 16.0
5 9 13 16.0
5 10 4 34.0
5 10 9 11.0
5 10 11 10.0
5 10 14 20.0
5 10 15 23.0
5 11 5 30.0
5 11 10 11.0
5 11 15 18.0
5 12 6 24.0
5 12 8 26.0
5 12 13 24.0
5 12 16 26.0
5 12 19 24.0
5 13 9 14.0
5 13 12 38.0
5 13 14 12.0
5 13 16 19.0
5 13 17 15.0
5 14 9 27.0
5 14 10 10.0
5 14 13 19.0
5 14 15 10.0
5 14 18 16.0
5 15 11 17.0
5 15 14 10.0
5 16 17 14.0
5 17 13 15.0
5 17 16 17.0
5 17 18 13.0
5 18 14 14.0
5 18 17 17.0
5 18 20 10.0
5 19 12 24.0
5 19 20 33.0
5 20 17 23.0
5 20 18 20.0
5 20 19 39.0
CAPACITY_SECTION
1 2 18.0
1 8 20.0
2 1 12.0
2 3 26.0
2 6 7.0
2 7 30.0
3 2 9.0
3 4 8.0
3 7 8.0
3 9 14.0
4 3 39.0
4 5 40.0
4 10 21.0
5 4 1.0
5 11 1.0
6 2 1.0
6 7 1.0
6 12 10.0
7 6 6.0
7 9 15.0
8 1 9.0
8 12 9.0
9 3 26.0
9 10 5.0
9 13 5.0
10 4 12.0
10 9 15.0
10 11 12.0
10 14 13.0
10 15 12.0
11 5 27.0
11 10 10.0
11 15 9.0
12 6 13.0
12 8 14.0
12 13 12.0
12 16 13.0
12 19 47.0
13 9 24.0
13 12 22.0
13 14 9.0
13 16 8.0
13 17 10.0
14 9 44.0
14 10 30.0
14 13 10.0
14 15 10.0
14 18 21.0
15 11 66.0
15 14 24.0
16 17 21.0
17 13 45.0
17 16 1.0
17 18 15.0
18 14 23.0
18 17 9.0
18 20 82.0
19 12 41.0
19 20 41.0
20 17 17.0
20 18 14.0
20 19 27.0
