num_nodes: 20
num_arcs: 56
density: 0.0
num_commodities: 5
SOURCES_SECTION
1 2 -5.0
1 4 -7.0
1 16 -3.0
2 2 -15.0
2 11 -13.0
2 17 -11.0
3 12 -42.0
4 8 -11.0
4 13 -13.0
4 20 -15.0
5 11 -9.0
5 15 -5.0
5 17 -7.0
SINKS_SECTION
1 8 15.0
2 16 39.0
3 5 13.0
3 13 16.0
3 16 13.0
4 1 39.0
5 13 21.0
COSTS_SECTION
1 1 2 34.0
1 1 4 19.0
1 2 1 40.0
1 2 6 10.0
1 3 4 26.0
1 3 8 19.0
1 4 1 16.0
1 4 3 38.0
1 4 5 18.0
1 4 9 17.0
1 5 2 20.0
1 5 4 12.0
1 5 6 17.0
1 5 9 12.0
1 6 2 20.0
1 6 5 15.0
1 6 7 18.0
1 6 10 17.0
1 7 6 19.0
1 7 17 60.0
1 8 3 17.0
1 8 9 54.0
1 8 11 26.0
1 8 12 29.0
1 9 5 19.0
1 9 8 54.0
1 9 10 17.0
1 9 13 18.0
1 10 6 13.0
1 10 9 11.0
1 10 13 29.0
1 10 16 39.0
1 11 8 20.0
1 12 13 22.0
1 12 14 40.0
1 13 9 13.0
1 13 12 30.0
1 13 15 34.0
1 14 12 40.0
1 14 15 34.0
1 14 19 15.0
1 15 13 24.0
1 15 14 36.0
1 15 16 16.0
1 16 10 57.0
1 16 15 17.0
1 16 17 18.0
1 17 7 52.0
1 17 16 17.0
1 17 20 19.0
1 18 19 17.0
1 19 14 15.0
1 19 18 18.0
1 19 20 80.0
1 20 17 14.0
1 20 19 76.0
2 1 2 32.0
2 1 4 15.0
2 2 1 40.0
2 2 6 20.0
2 3 4 20.0
2 3 8 11.0
2 4 1 17.0
2 4 3 34.0
2 4 5 14.0
2 4 9 15.0
2 5 2 20.0
2 5 4 12.0
2 5 6 18.0
2 5 9 13.0
2 6 2 15.0
2 6 5 15.0
2 6 7 15.0
2 6 10 15.0
2 7 6 14.0
2 7 17 68.0
2 8 3 19.0
2 8 9 36.0
2 8 11 20.0
2 8 12 20.0
2 9 5 17.0
2 9 8 42.0
2 9 10 11.0
2 9 13 14.0
2 10 6 14.0
2 10 9 13.0
2 10 13 16.0
2 10 16 54.0
2 11 8 15.0
2 12 13 20.0
2 12 14 28.0
2 13 9 15.0
2 13 12 36.0
2 13 15 36.0
2 14 12 30.0
2 14 15 20.0
2 14 19 10.0
2 15 13 34.0
2 15 14 32.0
2 15 16 11.0
2 16 10 33.0
2 16 15 12.0
2 16 17 19.0
2 17 7 76.0
2 17 16 11.0
2 17 20 12.0
2 18 19 13.0
2 19 14 10.0
2 19 18 13.0
2 19 20 60.0
2 20 17 11.0
2 20 19 76.0
3 1 2 24.0
3 1 4 17.0
3 2 1 28.0
3 2 6 18.0
3 3 4 20.0
3 3 8 13.0
3 4 1 18.0
3 4 3 28.0
3 4 5 13.0
3 4 9 29.0
3 5 2 17.0
3 5 4 15.0
3 5 6 16.0
3 5 9 16.0
3 6 2 12.0
3 6 5 12.0
3 6 7 14.0
3 6 10 11.0
3 7 6 14.0
3 7 17 80.0
3 8 3 19.0
3 8 9 33.0
3 8 11 23.0
3 8 12 22.0
3 9 5 18.0
3 9 8 51.0
3 9 10 16.0
3 9 13 15.0
3 10 6 18.0
3 10 9 16.0
3 10 13 25.0
3 10 16 30.0
3 11 8 17.0
3 12 13 38.0
3 12 14 28.0
3 13 9 10.0
3 13 12 32.0
3 13 15 40.0
3 14 12 36.0
3 14 15 22.0
3 14 19 19.0
3 15 13 30.0
3 15 14 30.0
3 15 16 16.0
3 16 10 33.0
3 16 15 18.0
3 16 17 18.0
3 17 7 80.0
3 17 16 15.0
3 17 20 11.0
3 18 19 20.0
3 19 14 10.0
3 19 18 17.0
3 19 20 56.0
3 20 17 19.0
3 20 19 72.0
4 1 2 22.0
4 1 4 15.0
4 2 1 28.0
4 2 6 15.0
4 3 4 24.0
4 3 8 15.0
4 4 1 13.0
4 4 3 36.0
4 4 5 10.0
4 4 9 23.0
4 5 2 17.0
4 5 4 20.0
4 5 6 15.0
4 5 9 11.0
4 6 2 19.0
4 6 5 17.0
4 6 7 19.0
4 6 10 13.0
4 7 6 18.0
4 7 17 76.0
4 8 3 14.0
4 8 9 51.0
4 8 11 26.0
4 8 12 17.0
4 9 5 19.0
4 9 8 60.0
4 9 10 16.0
4 9 13 10.0
4 10 6 12.0
4 10 9 16.0
4 10 13 20.0
4 10 16 48.0
4 11 8 26.0
4 12 13 38.0
4 12 14 28.0
4 13 9 11.0
4 13 12 34.0
4 13 15 38.0
4 14 12 34.0
4 14 15 32.0
4 14 19 16.0
4 15 13 20.0
4 15 14 20.0
4 15 16 15.0
4 16 10 39.0
4 16 15 12.0
4 16 17 12.0
4 17 7 68.0
4 17 16 13.0
4 17 20 15.0
4 18 19 17.0
4 19 14 10.0
4 19 18 12.0
4 19 20 40.0
4 20 17 17.0
4 20 19 56.0
5 1 2 24.0
5 1 4 13.0
5 2 1 32.0
5 2 6 13.0
5 3 4 30.0
5 3 8 18.0
5 4 1 20.0
5 4 3 36.0
5 4 5 16.0
5 4 9 16.0
5 5 2 27.0
5 5 4 11.0
5 5 6 14.0
5 5 9 15.0
5 6 2 15.0
5 6 5 15.0
5 6 7 17.0
5 6 10 18.0
5 7 6 15.0
5 7 17 76.0
5 8 3 16.0
5 8 9 30.0
5 8 11 15.0
5 8 12 15.0
5 9 5 17.0
5 9 8 30.0
5 9 10 19.0
5 9 13 18.0
5 10 6 11.0
5 10 9 14.0
5 10 13 16.0
5 10 16 36.0
5 11 8 27.0
5 12 13 24.0
5 12 14 22.0
5 13 9 11.0
5 13 12 38.0
5 13 15 34.0
5 14 12 40.0
5 14 15 22.0
5 14 19 16.0
5 15 13 30.0
5 15 14 32.0
5 15 16 12.0
5 16 10 57.0
5 16 15 10.0
5 16 17 10.0
5 17 7 76.0
5 17 16 10.0
5 17 20 13.0
5 18 19 11.0
5 19 14 13.0
5 19 18 20.0
5 19 20 72.0
5 20 17 14.0
5 20 19 40.0
CAPACITY_SECTION
1 2 8.0
1 4 12.0
2 1 39.0
2 6 18.0
3 4 27.0
3 8 14.0
4 1 31.0
4 3 11.0
4 5 15.0
4 9 10.0
5 2 9.0
5 4 8.0
5 6 9.0
5 9 8.0
6 2 9.0
6 5 18.0
6 7 12.0
6 10 9.0
7 6 23.0
7 17 9.0
8 3 38.0
8 9 47.0
8 11 11.0
8 12 33.0
9 5 13.0
9 8 7.0
9 10 6.0
9 13 3.0
10 6 7.0
10 9 10.0
10 13 20.0
10 16 27.0
11 8 37.0
12 13 43.0
12 14 31.0
13 9 43.0
13 12 15.0
13 15 15.0
14 12 8.0
14 15 9.0
14 19 8.0
15 13 25.0
15 14 11.0
15 16 29.0
16 10 6.0
16 15 7.0
16 17 9.0
17 7 36.0
17 16 33.0
17 20 16.0
18 19 9.0
19 14 8.0
19 18 9.0
19 20 9.0
20 17 18.0
20 19 17.0
