num_nodes: 20
num_arcs: 51
density: 0.0
num_commodities: 5
SOURCES_SECTION
1 1 -15.0
2 12 -12.0
3 3 -14.0
3 17 -17.0
3 20 -26.0
4 13 -24.0
5 1 -5.0
5 4 -11.0
5 19 -14.0
SINKS_SECTION
1 3 5.0
1 7 6.0
1 8 4.0
2 3 3.0
2 4 4.0
2 19 5.0
3 18 57.0
4 10 9.0
4 16 7.0
4 17 8.0
5 3 30.0
COSTS_SECTION
1 1 2 22.0
1 1 5 16.0
1 2 1 22.0
1 2 3 32.0
1 2 6 18.0
1 3 2 40.0
1 3 4 38.0
1 3 7 18.0
1 4 3 26.0
1 4 13 42.0
1 5 1 18.0
1 5 6 30.0
1 5 10 34.0
1 6 2 10.0
1 6 5 26.0
1 6 7 40.0
1 7 3 16.0
1 7 6 22.0
1 7 8 20.0
1 8 7 15.0
1 8 9 11.0
1 9 8 14.0
1 9 13 23.0
1 10 5 34.0
1 10 11 11.0
1 10 14 11.0
1 11 10 13.0
1 11 12 38.0
1 12 11 36.0
1 12 15 25.0
1 13 4 51.0
1 13 9 17.0
1 13 16 13.0
1 14 10 13.0
1 14 17 18.0
1 15 12 16.0
1 15 16 20.0
1 16 13 12.0
1 16 15 22.0
1 16 19 14.0
1 17 14 11.0
1 17 18 13.0
1 17 20 17.0
1 18 14 17.0
1 18 17 14.0
1 18 19 70.0
1 18 20 14.0
1 19 16 17.0
1 19 18 65.0
1 20 17 25.0
1 20 18 17.0
2 1 2 24.0
2 1 5 13.0
2 2 1 28.0
2 2 3 26.0
2 2 6 10.0
2 3 2 20.0
2 3 4 36.0
2 3 7 15.0
2 4 3 22.0
2 4 13 48.0
2 5 1 19.0
2 5 6 32.0
2 5 10 26.0
2 6 2 13.0
2 6 5 28.0
2 6 7 34.0
2 7 3 18.0
2 7 6 24.0
2 7 8 11.0
2 8 7 16.0
2 8 9 13.0
2 9 8 12.0
2 9 13 20.0
2 10 5 40.0
2 10 11 14.0
2 10 14 12.0
2 11 10 14.0
2 11 12 24.0
2 12 11 26.0
2 12 15 20.0
2 13 4 42.0
2 13 9 23.0
2 13 16 16.0
2 14 10 19.0
2 14 17 19.0
2 15 12 29.0
2 15 16 30.0
2 16 13 15.0
2 16 15 30.0
2 16 19 15.0
2 17 14 10.0
2 17 18 15.0
2 17 20 16.0
2 18 14 23.0
2 18 17 15.0
2 18 19 70.0
2 18 20 17.0
2 19 16 20.0
2 19 18 50.0
2 20 17 22.0
2 20 18 14.0
3 1 2 26.0
3 1 5 16.0
3 2 1 34.0
3 2 3 28.0
3 2 6 14.0
3 3 2 32.0
3 3 4 38.0
3 3 7 16.0
3 4 3 34.0
3 4 13 39.0
3 5 1 18.0
3 5 6 24.0
3 5 10 38.0
3 6 2 17.0
3 6 5 36.0
3 6 7 36.0
3 7 3 19.0
3 7 6 32.0
3 7 8 18.0
3 8 7 19.0
3 8 9 11.0
3 9 8 16.0
3 9 13 27.0
3 10 5 24.0
3 10 11 16.0
3 10 14 12.0
3 11 10 16.0
3 11 12 26.0
3 12 11 32.0
3 12 15 27.0
3 13 4 30.0
3 13 9 25.0
3 13 16 14.0
3 14 10 12.0
3 14 17 14.0
3 15 12 19.0
3 15 16 30.0
3 16 13 11.0
3 16 15 36.0
3 16 19 11.0
3 17 14 14.0
3 17 18 10.0
3 17 20 17.0
3 18 14 17.0
3 18 17 13.0
3 18 19 95.0
3 18 20 18.0
3 19 16 10.0
3 19 18 90.0
3 20 17 27.0
3 20 18 18.0
4 1 2 24.0
4 1 5 16.0
4 2 1 20.0
4 2 3 34.0
4 2 6 15.0
4 3 2 20.0
4 3 4 32.0
4 3 7 10.0
4 4 3 40.0
4 4 13 60.0
4 5 1 17.0
4 5 6 40.0
4 5 10 26.0
4 6 2 16.0
4 6 5 22.0
4 6 7 28.0
4 7 3 20.0
4 7 6 20.0
4 7 8 18.0
4 8 7 18.0
4 8 9 20.0
4 9 8 18.0
4 9 13 17.0
4 10 5 22.0
4 10 11 18.0
4 10 14 12.0
4 11 10 15.0
4 11 12 22.0
4 12 11 20.0
4 12 15 22.0
4 13 4 39.0
4 13 9 15.0
4 13 16 16.0
4 14 10 20.0
4 14 17 19.0
4 15 12 17.0
4 15 16 34.0
4 16 13 17.0
4 16 15 38.0
4 16 19 17.0
4 17 14 10.0
4 17 18 12.0
4 17 20 22.0
4 18 14 19.0
4 18 17 20.0
4 18 19 60.0
4 18 20 18.0
4 19 16 10.0
4 19 18 65.0
4 20 17 17.0
4 20 18 14.0
5 1 2 28.0
5 1 5 14.0
5 2 1 20.0
5 2 3 26.0
5 2 6 19.0
5 3 2 28.0
5 3 4 38.0
5 3 7 17.0
5 4 3 34.0
5 4 13 54.0
5 5 1 13.0
5 5 6 40.0
5 5 10 34.0
5 6 2 20.0
5 6 5 32.0
5 6 7 30.0
5 7 3 15.0
5 7 6 20.0
5 7 8 13.0
5 8 7 18.0
5 8 9 17.0
5 9 8 16.0
5 9 13 15.0
5 10 5 26.0
5 10 11 10.0
5 10 14 17.0
5 11 10 16.0
5 11 12 34.0
5 12 11 26.0
5 12 15 29.0
5 13 4 36.0
5 13 9 27.0
5 13 16 15.0
5 14 10 14.0
5 14 17 19.0
5 15 12 25.0
5 15 16 28.0
5 16 13 19.0
5 16 15 26.0
5 16 19 20.0
5 17 14 18.0
5 17 18 19.0
5 17 20 19.0
5 18 14 20.0
5 18 17 19.0
5 18 19 95.0
5 18 20 18.0
5 19 16 19.0
5 19 18 85.0
5 20 17 20.0
5 20 18 10.0
CAPACITY_SECTION
1 2 11.0
1 5 19.0
2 1 1.0
2 3 6.0
2 6 5.0
3 2 13.0
3 4 15.0
3 7 17.0
4 3 30.0
4 13 15.0
5 1 8.0
5 6 21.0
5 10 37.0
6 2 1.0
6 5 5.0
6 7 7.0
7 3 21.0
7 6 9.0
7 8 10.0
8 7 11.0
8 9 8.0
9 8 11.0
9 13 9.0
10 5 8.0
10 11 8.0
10 14 34.0
11 10 11.0
11 12 12.0
12 11 15.0
12 15 18.0
13 4 19.0
13 9 19.0
13 16 57.0
14 10 13.0
14 17 13.0
15 12 10.0
15 16 11.0
16 13 33.0
16 15 8.0
16 19 34.0
17 14 1.0
17 18 16.0
17 20 15.0
18 14 10.0
18 17 13.0
18 19 11.0
18 20 13.0
19 16 21.0
19 18 37.0
20 17 24.0
20 18 44.0
